subjID	group	trial	cue	choice	rt	outcome
0	pt	0	2	0	0	-1
0	pt	1	4	0	0	-1
0	pt	2	2	0	0	-1
0	pt	3	2	0	0	-1
0	pt	4	4	1	0	0
0	pt	5	4	1	0	0
0	pt	6	2	0	0	-1
0	pt	7	4	1	0	0
0	pt	8	2	1	0	0
0	pt	9	6	1	0	0
0	pt	10	6	0	0	0
0	pt	11	4	1	0	0
0	pt	12	6	0	0	0
0	pt	13	2	0	0	-1
0	pt	14	4	0	0	-1
0	pt	15	2	0	0	-1
0	pt	16	4	1	0	0
0	pt	17	2	1	0	0
0	pt	18	2	1	0	0
0	pt	19	4	1	0	0
0	pt	20	2	0	0	-1
0	pt	21	2	1	0	0
0	pt	22	2	1	0	0
0	pt	23	3	1	0	0
0	pt	24	4	1	0	0
0	pt	25	2	1	0	0
0	pt	26	5	0	0	0
0	pt	27	4	1	0	0
0	pt	28	4	1	0	0
0	pt	29	4	1	0	0
0	pt	30	6	0	0	0
0	pt	31	4	1	0	0
0	pt	32	2	1	0	0
0	pt	33	6	0	0	0
0	pt	34	7	0	0	0
0	pt	35	4	0	0	-1
0	pt	36	6	1	0	0
0	pt	37	3	0	0	0
0	pt	38	4	1	0	0
0	pt	39	4	0	0	-1
0	pt	40	4	1	0	0
0	pt	41	6	1	0	0
0	pt	42	4	1	0	0
0	pt	43	7	1	0	0
0	pt	44	4	0	0	-1
0	pt	45	2	0	0	-1
0	pt	46	3	1	0	0
0	pt	47	6	0	0	0
0	pt	48	4	0	0	-1
0	pt	49	1	1	0	0
0	pt	50	2	1	0	0
0	pt	51	2	1	0	0
0	pt	52	7	0	0	0
0	pt	53	7	1	0	0
0	pt	54	6	0	0	0
0	pt	55	4	1	0	0
0	pt	56	6	0	0	0
0	pt	57	2	0	0	-1
0	pt	58	2	1	0	0
0	pt	59	4	0	0	-1
0	pt	60	3	1	0	0
0	pt	61	1	0	0	0
0	pt	62	7	1	0	0
0	pt	63	4	0	0	-1
0	pt	64	4	0	0	-1
0	pt	65	3	1	0	0
0	pt	66	2	1	0	0
0	pt	67	4	1	0	0
0	pt	68	6	0	0	0
0	pt	69	6	0	0	0
0	pt	70	4	1	0	0
0	pt	71	1	0	0	0
0	pt	72	6	0	0	0
0	pt	73	2	1	0	0
0	pt	74	4	0	0	-1
0	pt	75	1	1	0	0
0	pt	76	5	1	0	0
0	pt	77	4	1	0	0
0	pt	78	4	0	0	-1
0	pt	79	4	1	0	0
0	pt	80	3	1	0	0
0	pt	81	4	0	0	-1
0	pt	82	7	1	0	0
0	pt	83	2	1	0	0
0	pt	84	2	0	0	-1
0	pt	85	1	1	0	0
0	pt	86	6	1	0	0
0	pt	87	5	1	0	0
0	pt	88	2	1	0	0
0	pt	89	4	1	0	0
0	pt	90	5	1	0	0
0	pt	91	5	1	0	0
0	pt	92	2	1	0	0
0	pt	93	6	1	0	0
0	pt	94	6	1	0	0
1	pt	0	6	1	0	0
1	pt	1	4	0	0	-1
1	pt	2	6	1	0	0
1	pt	3	6	1	0	0
1	pt	4	4	1	0	0
1	pt	5	4	1	0	0
1	pt	6	2	1	0	0
1	pt	7	1	1	0	0
1	pt	8	4	0	0	-1
1	pt	9	4	1	0	0
1	pt	10	6	1	0	0
1	pt	11	5	1	0	0
1	pt	12	6	1	0	0
1	pt	13	6	0	0	0
1	pt	14	6	0	0	0
1	pt	15	6	1	0	0
1	pt	16	2	1	0	0
1	pt	17	3	1	0	0
1	pt	18	2	0	0	-1
1	pt	19	6	1	0	0
1	pt	20	6	0	0	0
1	pt	21	3	0	0	0
1	pt	22	4	0	0	-1
1	pt	23	6	0	0	0
1	pt	24	6	0	0	0
1	pt	25	2	1	0	0
1	pt	26	6	1	0	0
1	pt	27	6	1	0	0
1	pt	28	1	1	0	0
1	pt	29	2	1	0	0
1	pt	30	4	1	0	0
1	pt	31	2	0	0	-1
1	pt	32	6	0	0	0
1	pt	33	6	0	0	0
1	pt	34	6	0	0	0
1	pt	35	6	0	0	0
1	pt	36	3	0	0	0
1	pt	37	2	1	0	0
1	pt	38	4	1	0	0
1	pt	39	4	1	0	0
1	pt	40	6	0	0	0
1	pt	41	5	1	0	0
1	pt	42	4	1	0	0
1	pt	43	6	0	0	0
1	pt	44	4	0	0	-1
1	pt	45	2	1	0	0
1	pt	46	6	0	0	0
1	pt	47	4	1	0	0
1	pt	48	2	1	0	0
1	pt	49	6	0	0	0
1	pt	50	7	1	0	0
1	pt	51	2	1	0	0
1	pt	52	6	0	0	0
1	pt	53	6	1	0	0
1	pt	54	2	0	0	-1
1	pt	55	6	0	0	0
1	pt	56	4	0	0	-1
1	pt	57	2	1	0	0
1	pt	58	4	0	0	-1
1	pt	59	2	1	0	0
1	pt	60	2	1	0	0
1	pt	61	2	0	0	-1
1	pt	62	2	0	0	-1
1	pt	63	4	0	0	-1
1	pt	64	5	1	0	0
1	pt	65	2	0	0	-1
1	pt	66	6	1	0	0
1	pt	67	2	1	0	0
1	pt	68	2	1	0	0
1	pt	69	6	1	0	0
1	pt	70	6	1	0	0
1	pt	71	7	1	0	0
1	pt	72	5	1	0	0
1	pt	73	4	1	0	0
1	pt	74	2	1	0	0
1	pt	75	4	1	0	0
1	pt	76	2	1	0	0
1	pt	77	4	1	0	0
1	pt	78	4	1	0	0
1	pt	79	6	1	0	0
1	pt	80	3	1	0	0
1	pt	81	7	1	0	0
1	pt	82	7	1	0	0
1	pt	83	6	1	0	0
1	pt	84	6	1	0	0
1	pt	85	6	1	0	0
1	pt	86	6	1	0	0
1	pt	87	7	1	0	0
1	pt	88	6	1	0	0
1	pt	89	5	1	0	0
1	pt	90	2	1	0	0
1	pt	91	4	1	0	0
1	pt	92	3	1	0	0
1	pt	93	2	1	0	0
1	pt	94	6	1	0	0
2	pt	0	6	1	0	0
2	pt	1	2	1	0	0
2	pt	2	2	0	0	-1
2	pt	3	6	0	0	0
2	pt	4	2	0	0	-1
2	pt	5	4	1	0	0
2	pt	6	4	1	0	0
2	pt	7	2	1	0	0
2	pt	8	2	0	0	-1
2	pt	9	2	0	0	-1
2	pt	10	6	0	0	0
2	pt	11	1	0	0	0
2	pt	12	2	1	0	0
2	pt	13	3	0	0	0
2	pt	14	2	1	0	0
2	pt	15	4	1	0	0
2	pt	16	4	0	0	-1
2	pt	17	4	1	0	0
2	pt	18	2	1	0	0
2	pt	19	4	1	0	0
2	pt	20	6	0	0	0
2	pt	21	6	0	0	0
2	pt	22	4	0	0	-1
2	pt	23	6	1	0	0
2	pt	24	1	1	0	0
2	pt	25	2	1	0	0
2	pt	26	6	1	0	0
2	pt	27	4	1	0	0
2	pt	28	3	1	0	0
2	pt	29	4	1	0	0
2	pt	30	4	0	0	-1
2	pt	31	6	0	0	0
2	pt	32	4	0	0	-1
2	pt	33	6	0	0	0
2	pt	34	4	0	0	-1
2	pt	35	6	0	0	0
2	pt	36	4	1	0	0
2	pt	37	7	1	0	0
2	pt	38	4	0	0	-1
2	pt	39	1	0	0	0
2	pt	40	6	0	0	0
2	pt	41	6	0	0	0
2	pt	42	2	0	0	-1
2	pt	43	7	0	0	0
2	pt	44	4	1	0	0
2	pt	45	6	1	0	0
2	pt	46	2	1	0	0
2	pt	47	6	0	0	0
2	pt	48	5	0	0	0
2	pt	49	4	1	0	0
2	pt	50	7	1	0	0
2	pt	51	4	0	0	-1
2	pt	52	4	1	0	0
2	pt	53	1	0	0	0
2	pt	54	4	1	0	0
2	pt	55	6	0	0	0
2	pt	56	4	1	0	0
2	pt	57	5	0	0	0
2	pt	58	4	0	0	-1
2	pt	59	2	1	0	0
2	pt	60	4	1	0	0
2	pt	61	4	1	0	0
2	pt	62	3	1	0	0
2	pt	63	5	1	0	0
2	pt	64	2	0	0	-1
2	pt	65	4	0	0	-1
2	pt	66	4	1	0	0
2	pt	67	7	0	0	0
2	pt	68	6	0	0	0
2	pt	69	4	1	0	0
2	pt	70	2	1	0	0
2	pt	71	4	1	0	0
2	pt	72	4	1	0	0
2	pt	73	6	1	0	0
2	pt	74	4	1	0	0
2	pt	75	6	0	0	0
2	pt	76	5	0	0	0
2	pt	77	6	1	0	0
2	pt	78	1	0	0	0
2	pt	79	6	0	0	0
2	pt	80	7	1	0	0
2	pt	81	2	1	0	0
2	pt	82	2	1	0	0
2	pt	83	3	1	0	0
2	pt	84	4	1	0	0
2	pt	85	4	1	0	0
2	pt	86	4	1	0	0
2	pt	87	6	0	0	0
2	pt	88	4	0	0	-1
2	pt	89	6	1	0	0
2	pt	90	4	0	0	-1
2	pt	91	2	1	0	0
2	pt	92	7	1	0	0
2	pt	93	7	0	0	0
2	pt	94	4	1	0	0
3	pt	0	6	0	0	0
3	pt	1	6	1	0	0
3	pt	2	5	0	0	0
3	pt	3	2	0	0	-1
3	pt	4	1	1	0	0
3	pt	5	6	0	0	0
3	pt	6	2	0	0	-1
3	pt	7	2	0	0	-1
3	pt	8	7	1	0	0
3	pt	9	7	1	0	0
3	pt	10	6	0	0	0
3	pt	11	4	0	0	-1
3	pt	12	4	0	0	-1
3	pt	13	4	0	0	-1
3	pt	14	3	1	0	0
3	pt	15	7	1	0	0
3	pt	16	6	0	0	0
3	pt	17	7	1	0	0
3	pt	18	2	1	0	0
3	pt	19	4	0	0	-1
3	pt	20	5	0	0	0
3	pt	21	4	1	0	0
3	pt	22	4	1	0	0
3	pt	23	2	0	0	-1
3	pt	24	2	1	0	0
3	pt	25	2	1	0	0
3	pt	26	5	0	0	0
3	pt	27	3	1	0	0
3	pt	28	4	1	0	0
3	pt	29	4	1	0	0
3	pt	30	2	1	0	0
3	pt	31	6	0	0	0
3	pt	32	6	0	0	0
3	pt	33	3	1	0	0
3	pt	34	6	0	0	0
3	pt	35	5	1	0	0
3	pt	36	7	1	0	0
3	pt	37	4	1	0	0
3	pt	38	2	0	0	-1
3	pt	39	2	0	0	-1
3	pt	40	6	1	0	0
3	pt	41	4	0	0	-1
3	pt	42	2	1	0	0
3	pt	43	4	0	0	-1
3	pt	44	4	1	0	0
3	pt	45	6	1	0	0
3	pt	46	2	0	0	-1
3	pt	47	2	1	0	0
3	pt	48	4	0	0	-1
3	pt	49	2	1	0	0
3	pt	50	7	0	0	0
3	pt	51	2	1	0	0
3	pt	52	4	1	0	0
3	pt	53	4	0	0	-1
3	pt	54	6	1	0	0
3	pt	55	2	1	0	0
3	pt	56	3	1	0	0
3	pt	57	4	0	0	-1
3	pt	58	2	1	0	0
3	pt	59	5	1	0	0
3	pt	60	4	1	0	0
3	pt	61	6	1	0	0
3	pt	62	4	0	0	-1
3	pt	63	2	1	0	0
3	pt	64	2	0	0	-1
3	pt	65	2	1	0	0
3	pt	66	6	0	0	0
3	pt	67	6	0	0	0
3	pt	68	3	1	0	0
3	pt	69	4	1	0	0
3	pt	70	2	0	0	-1
3	pt	71	4	1	0	0
3	pt	72	6	1	0	0
3	pt	73	2	1	0	0
3	pt	74	4	1	0	0
3	pt	75	5	1	0	0
3	pt	76	4	0	0	-1
3	pt	77	4	1	0	0
3	pt	78	2	1	0	0
3	pt	79	6	1	0	0
3	pt	80	2	1	0	0
3	pt	81	4	1	0	0
3	pt	82	2	0	0	-1
3	pt	83	2	1	0	0
3	pt	84	6	0	0	0
3	pt	85	2	0	0	-1
3	pt	86	4	1	0	0
3	pt	87	4	1	0	0
3	pt	88	2	1	0	0
3	pt	89	4	1	0	0
3	pt	90	4	0	0	-1
3	pt	91	4	0	0	-1
3	pt	92	3	1	0	0
3	pt	93	2	1	0	0
3	pt	94	6	1	0	0
4	pt	0	2	0	0	-1
4	pt	1	7	1	0	0
4	pt	2	3	1	0	0
4	pt	3	6	0	0	0
4	pt	4	4	0	0	-1
4	pt	5	3	1	0	0
4	pt	6	4	0	0	-1
4	pt	7	6	0	0	0
4	pt	8	7	1	0	0
4	pt	9	6	0	0	0
4	pt	10	4	1	0	0
4	pt	11	6	0	0	0
4	pt	12	6	0	0	0
4	pt	13	4	1	0	0
4	pt	14	6	0	0	0
4	pt	15	6	0	0	0
4	pt	16	6	0	0	0
4	pt	17	5	1	0	0
4	pt	18	4	0	0	-1
4	pt	19	4	0	0	-1
4	pt	20	2	1	0	0
4	pt	21	2	1	0	0
4	pt	22	2	0	0	-1
4	pt	23	4	1	0	0
4	pt	24	3	1	0	0
4	pt	25	6	0	0	0
4	pt	26	4	1	0	0
4	pt	27	4	0	0	-1
4	pt	28	2	1	0	0
4	pt	29	2	1	0	0
4	pt	30	6	0	0	0
4	pt	31	2	1	0	0
4	pt	32	4	1	0	0
4	pt	33	4	1	0	0
4	pt	34	5	1	0	0
4	pt	35	4	1	0	0
4	pt	36	2	0	0	-1
4	pt	37	6	0	0	0
4	pt	38	5	0	0	0
4	pt	39	2	1	0	0
4	pt	40	6	1	0	0
4	pt	41	4	1	0	0
4	pt	42	4	1	0	0
4	pt	43	2	0	0	-1
4	pt	44	2	0	0	-1
4	pt	45	2	1	0	0
4	pt	46	6	0	0	0
4	pt	47	6	0	0	0
4	pt	48	4	0	0	-1
4	pt	49	2	1	0	0
4	pt	50	2	0	0	-1
4	pt	51	6	1	0	0
4	pt	52	6	1	0	0
4	pt	53	4	0	0	-1
4	pt	54	2	0	0	-1
4	pt	55	4	1	0	0
4	pt	56	4	1	0	0
4	pt	57	1	1	0	0
4	pt	58	6	1	0	0
4	pt	59	5	0	0	0
4	pt	60	4	1	0	0
4	pt	61	6	1	0	0
4	pt	62	6	0	0	0
4	pt	63	2	1	0	0
4	pt	64	2	1	0	0
4	pt	65	4	1	0	0
4	pt	66	6	0	0	0
4	pt	67	6	0	0	0
4	pt	68	2	1	0	0
4	pt	69	6	0	0	0
4	pt	70	4	0	0	-1
4	pt	71	2	1	0	0
4	pt	72	6	1	0	0
4	pt	73	2	1	0	0
4	pt	74	3	1	0	0
4	pt	75	2	1	0	0
4	pt	76	4	0	0	-1
4	pt	77	4	1	0	0
4	pt	78	5	1	0	0
4	pt	79	1	1	0	0
4	pt	80	4	1	0	0
4	pt	81	1	1	0	0
4	pt	82	2	0	0	-1
4	pt	83	2	0	0	-1
4	pt	84	4	1	0	0
4	pt	85	6	1	0	0
4	pt	86	6	1	0	0
4	pt	87	4	1	0	0
4	pt	88	3	1	0	0
4	pt	89	1	1	0	0
4	pt	90	5	1	0	0
4	pt	91	3	1	0	0
4	pt	92	4	1	0	0
4	pt	93	4	1	0	0
4	pt	94	2	1	0	0
